2010
2006
2007
2009
2001
2002
2001
2000
2007
2001
2007
2009
2005
2003
2001
2010
2005
2006
2006
2000
2002
2002
2000
2009
2001
2004
2003
2008
2002
2000
2005
2008
2013
2002
2005
2010
2009
2007
2008
2007
2010
2003
2005
2005
2008
2006
2006
2003
2000
2007
2004
2002
2001
2005
2001
2005
2003
2007
2000
2003
2006
2003
2007
2000
2002
2004
2009
2004
2001
2010
2004
2005
2008
2000
2004
2002
2009
2008
2005
2004
2002
2007
2008
2012
2008
2006
2010
2009
2008
2004
2010
2001
2003
2002
2004
2004
2002
2006
2006
2010
2008
2007
2010
2000
2001
2010
2009
2009
2005
2008
2000
2003